start=174.466000
speed=1.331000
pause=yes
volume=78.000000
fullscreen=yes
aid=2
vid=1
sid=5
